((("op" .
   [1 0])
  ("sep_pos" .
   [0 0 0 4 5 0 0])
  ("nargs" .
   [1 0 0 0 1])
  ("valid_separator" .
   [0 0 0 0 0 0 0 0 0 1 0 0 0 0 0])
  ("posarg" .
   [2 0 0 0 0 2])
  ("valid_dir" .
   [1 0 0 0 0 0 0 0 0])
  ("valid_ind" .
   [1 0 0 0 0 0 0 0 0])
  ("r" .
   [1])
  ("valid" .
   [8 0 2 1 1])
  ("T_REG" .
   [0 0 0 0 1])
  ("CYAN" .
   [1 0 0 0])
  ("ft_itersplit" .
   [0 0 0 0 0 0 0 1 0 2 0 0])
  ("pos" .
   [9 0 0])
  ("LABEL_CHAR" .
   [0 0 0 1 1 0 0 0 0 0])
  ("err" .
   [4 0 0])
  ("INC4" .
   [1 0 0 0])
  ("DIRSYN" .
   [0 0 0 0 0 1])
  ("DIRAN" .
   [0 0 0 0 1])
  ("SYNTHESIS" .
   [0 0 0 1 0 0 0 0 0])
  ("ANALYSIS" .
   [0 0 0 0 1 0 0 0])
  ("assembler/" .
   [0 0 0 0 0 0 0 1 0 0])
  ("libft/" .
   [0 0 0 1 0 0])
  ("compiler/" .
   [0 0 0 0 0 1 0 1 0])
  ("ncupdate" .
   [0 0 0 0 1 0 0 0])
  ("control" .
   [2 0 0 0 0 0 1])
  ("INC3" .
   [1 0 0 0])
  ("INC" .
   [2 0 0])
  ("INC2" .
   [2 0 0 0])
  ("/libft/include/" .
   [0 0 0 0 0 0 0 0 0 1 0 1 0 0 0])
  ("DIRSOLVE" .
   [0 0 0 0 0 1 0 0])
  ("DIRGRAPH" .
   [0 0 0 0 1 0 0 0])
  ("DIRFARM" .
   [0 0 0 0 1 0 0])
  ("OAUX2" .
   [1 0 0 0 0])
  ("submake" .
   [2 0 0 0 0 1 0])
  ("COLOR_GREEN" .
   [1 0 0 0 0 0 0 0 0 0 0])
  ("COLOR_YELLOW" .
   [2 0 0 0 0 0 0 0 0 0 0 0])
  ("COLOR_RED" .
   [4 0 0 0 0 0 0 0 0])
  ("COLOR_GRAY" .
   [1 0 0 0 0 0 0 0 0 0])
  ("COLOR_BLUE" .
   [1 0 0 0 0 0 0 0 0 0])
  ("COLOR_BLACK" .
   [0 0 0 0 0 0 0 0 0 0 1])
  ("COLOR_CYAN" .
   [1 0 0 0 0 0 0 0 0 0])
  ("ft_repet_fd" .
   [1 0 0 0 0 0 0 0 0 1 0])
  ("ft_printf_fd" .
   [2 0 0 0 0 1 0 0 0 0 2 2])
  ("VALIDATION" .
   [0 0 0 0 1 0 0 0 0 0])
  ("PARSING" .
   [0 0 0 1 0 0 0])
  ("LOADING" .
   [0 0 0 1 0 0 0])
  ("INTERFACE" .
   [0 0 0 0 1 0 0 0 0])
  ("COMPUTER_S" .
   [0 0 0 0 1 0 0 0 0 0])
  ("DAUX" .
   [1 0 1 0])
  ("DIRDEP" .
   [0 0 0 1 4 2])
  ("-MM" .
   [1 0 0])
  ("CFLAGS" .
   [0 0 1 0 0 0])
  ("depend" .
   [1 0 0 0 3 0])
  ("DEPS" .
   [8 0 1 2])
  ("PROG" .
   [1 0 0 0])
  ("ft_putnbr_max" .
   [0 0 0 0 0 0 0 0 0 0 0 0 2])
  ("MOVER" .
   [0 0 0 0 1])
  ("mover" .
   [2 0 0 0 0])
  ("SUB_OBJ" .
   [0 0 1 0 0 1 0])
  ("/obj/" .
   [0 0 0 0 1])
  ("NAME" .
   [3 0 0 0])
  ("lem-in" .
   [0 0 0 1 0 0])
  ("margin-left" .
   [0 0 0 0 0 0 0 0 1 1 0])
  ("panel" .
   [1 0 0 0 0])
  ("addClass" .
   [0 0 0 1 0 0 0 0])
  ("Function" .
   [0 0 0 0 1 0 0 0])
  ("setTimeout" .
   [0 0 0 0 1 0 0 0 0 0])
  ("answer" .
   [0 0 1 0 0 0])
  ("~/.mutt/template/message" .
   [0 0 0 3 0 2 0 0 0 0 0 0 0 0 0 0 0 0 0 0 0 0 0 0])
  ("animation-delay" .
   [0 0 0 0 0 0 0 0 0 0 0 0 0 0 1])
  ("animation" .
   [0 0 0 0 0 2 0 0 0])
  ("body" .
   [2 0 0 0])
  ("png" .
   [1 0 0])
  ("opacity" .
   [0 0 0 0 1 0 1])
  ("red" .
   [0 1 0])
  ("en" .
   [1 0])
  ("current_lang" .
   [0 0 0 0 2 0 0 0 0 0 0 0])
  ("log" .
   [1 0 0])
  ("console" .
   [0 0 0 0 0 0 1])
  ("lelem" .
   [0 0 0 1 1])
  ("langs" .
   [2 0 0 1 0])
  ("cquery" .
   [1 0 0 3 1 1])
  ("languagepicker" .
   [0 0 0 0 0 0 0 0 0 1 0 0 0 0])
  ("translate" .
   [0 0 0 0 1 0 0 0 0])
  ("+" .
   [1])
  ("ascendant" .
   [0 0 0 2 0 0 0 0 0])
  ("min" .
   [2 0 0])
  ("n" .
   [2])
  ("rev" .
   [9 0 0])
  ("end_node" .
   [0 0 0 0 1 0 1 0])
  ("h" .
   [1])
  ("next_node" .
   [0 0 0 0 1 0 0 0 0])
  ("push_swap" .
   [0 0 0 0 0 0 1 0 0])
  ("server" .
   [2 0 0 0 1 0])
  ("soup2" .
   [2 0 0 0 0])
  ("soup" .
   [5 0 0 2])
  ("push" .
   [4 0 0 0])
  ("pop" .
   [4 0 0])
  ("p2" .
   [12 0])
  ("other_side" .
   [0 0 0 0 1 0 0 0 0 0])
  ("p1" .
   [37 0])
  ("print_pile" .
   [0 0 0 0 0 2 0 1 0 0])
  ("nbs" .
   [4 0 0])
  ("new_node" .
   [0 0 0 3 2 0 0 0])
  ("new" .
   [3 0 0])
  ("aux" .
   [4 0 0])
  ("t_pile" .
   [0 0 13 5 5 0])
  ("pile_init" .
   [0 0 0 0 0 1 0 0 0])
  ("fill" .
   [1 0 0 0])
  ("create_rectangle" .
   [0 0 0 0 0 0 1 0 0 0 0 0 0 0 0 0])
  ("canvas" .
   [1 0 0 0 0 0])
  ("append" .
   [0 0 0 0 1 0])
  ("figures" .
   [1 0 0 0 1 0 0])
  ("p" .
   [5])
  ("sq" .
   [1 0])
  ("ft_fmod" .
   [1 0 0 0 0 1 2])
  ("src/aux/ft_put" .
   [0 0 0 0 0 0 1 0 0 0 0 0 0 0])
  ("decimal_size" .
   [0 0 0 1 0 0 0 1 0 0 0 0])
  ("ft_pow" .
   [1 0 0 0 0 0])
  ("ft_putnbr" .
   [3 0 0 0 0 0 0 0 0])
  ("nb" .
   [20 0])
  ("print_address_hex" .
   [0 0 0 0 0 0 0 0 0 0 1 0 0 0 0 0 0])
  ("adr" .
   [2 0 0])
  ("ft_itoa_base" .
   [0 0 0 0 0 0 0 1 0 0 0 0])
  ("ft_strlen" .
   [6 0 0 0 0 0 0 0 1])
  ("LI" .
   [1 0])
  ("valid_conversion2" .
   [1 0 0 0 0 0 0 0 0 0 0 0 0 0 0 0 0])
  ("g_dollar" .
   [0 0 1 0 0 0 0 0])
  ("ft_atoi" .
   [2 0 0 2 1 0 0])
  ("precision" .
   [0 0 0 1 4 10 2 0 0])
  ("width" .
   [0 0 2 7 1])
  ("no_flags" .
   [0 0 1 0 0 0 0 0])
  ("const" .
   [0 0 0 1 0])
  ("t_flags" .
   [0 0 1 3 0 0 0])
  ("ft_modifiers" .
   [0 0 0 0 0 1 0 0 0 0 0 0])
  ("ft_flags" .
   [0 0 0 2 0 0 0 0])
  ("hh" .
   [3 0])
  ("ll" .
   [3 0])
  ("is_modifier" .
   [0 0 0 0 0 1 0 0 0 1 0])
  ("minus" .
   [4 0 0 2 1])
  ("plus" .
   [0 0 1 0])
  ("square" .
   [0 0 1 0 0 0])
  ("thursday" .
   [0 0 0 1 0 0 0 0])
  ("is_conversion" .
   [0 0 0 0 0 0 0 1 0 0 0 0 0])
  ("is_precision" .
   [0 0 0 0 0 0 1 0 0 0 0 0])
  ("f" .
   [9])
  ("pf_strchr" .
   [0 0 1 0 0 0 0 0 0])
  ("is_number" .
   [0 0 0 0 0 0 0 1 0])
  ("is_flag" .
   [0 0 1 1 0 0 0])
  ("i" .
   [2])
  ("valid_conversion" .
   [0 0 0 0 0 1 0 0 0 0 0 0 0 0 0 0])
  ("in" .
   [8 0])
  ("ft_printf" .
   [9 0 0 0 0 1 0 1 1])
  ("extern" .
   [0 0 0 0 1 0])
  ("define" .
   [0 0 0 1 1 0])
  ("obtain" .
   [1 0 0 0 1 1])
  ("foo2" .
   [0 0 0 1])
  ("sum" .
   [1 0 0])
  ("argv" .
   [5 0 0 0])
  ("arg2" .
   [1 0 0 0])
  ("arg1" .
   [0 0 0 2])
  ("mov" .
   [5 0 0])
  ("va_start" .
   [1 0 0 0 0 0 0 0])
  ("res" .
   [9 0 0])
  ("format" .
   [37 0 0 0 3 2])
  ("arguments" .
   [0 0 0 0 0 1 0 0 0])
  ("end" .
   [4 0 0])
  ("beginning-of-line" .
   [0 0 0 0 0 0 0 0 1 0 0 0 0 0 0 0 0])
  ("start" .
   [1 0 0 0 0])
  ("count-lines" .
   [0 0 0 0 0 0 0 0 0 1 0])
  ("let" .
   [1 0 0])
  ("count-words-defun" .
   [0 0 0 0 0 0 0 0 0 0 0 0 0 1 0 0 0])
  ("count-words-in-defun" .
   [0 0 0 0 0 0 0 0 0 0 0 0 0 0 1 0 0 0 0 0])
  ("count-lines-words-region" .
   [0 0 0 0 0 0 0 0 0 0 0 0 0 0 0 0 0 1 0 0 0 0 0 0])
  ("end-of-defun" .
   [1 0 0 0 0 0 0 0 0 1 0 0])
  ("beginning-of-defun" .
   [0 0 0 0 0 0 0 0 0 0 0 0 0 0 0 0 1 2])
  ("count-lines-fun" .
   [0 0 0 0 0 0 0 0 0 0 0 0 0 1 0])
  ("count-words" .
   [0 0 0 0 0 1 0 0 0 0 0])
  ("font-lock-mode" .
   [4 0 0 0 0 0 0 0 0 0 0 0 0 0])
  ("static" .
   [0 0 0 0 1 0])
  ("overlay-start" .
   [1 0 0 0 0 0 0 0 0 0 0 0 0])
  ("overlay" .
   [0 0 0 0 1 0 0])
  ("cal_prec" .
   [1 0 0 1 0 0 0 0])
  ("strtoq" .
   [0 0 0 0 0 1])
  ("(char **str, int *flag)" .
   [0 0 0 0 0 0 0 0 0 0 0 0 0 0 0 0 0 0 0 0 0 0 2])
  ("calc_larg" .
   [0 0 0 0 0 0 0 0 1])
  ("s" .
   [3])
  ("prin" .
   [0 0 0 1])
  ("git" .
   [1 0 0])
  ("12456" .
   [1 0 0 0 0])
  ("right" .
   [2 0 0 0 1])
  ("beg_input" .
   [0 0 0 0 1 0 0 0 0])
  ("input" .
   [6 0 0 1 0])
  ("signe" .
   [2 0 0 0 0])
  ("beg" .
   [2 0 0])
  ("1234678" .
   [0 0 0 1 0 0 0])
  ("124567" .
   [1 0 0 0 0 0])
  ("dot" .
   [7 0 0])
  ("alias" .
   [4 0 0 0 0])
  ("export" .
   [2 0 0 0 0 0])
  ("~/.zsh/prompt/git_prompt.sh" .
   [0 0 0 0 0 0 0 0 0 0 0 0 0 0 0 1 0 0 0 0 0 0 0 0 0 0 0])
  ("~/.zsh/prompt.zsh" .
   [0 0 0 0 0 0 0 0 0 1 0 0 0 0 0 0 0])
  ("~/.zsh/prompt/" .
   [0 0 0 0 0 0 0 0 0 1 0 0 0 0])
  ("~/.zsh/prompt/git.sh" .
   [0 0 0 0 0 0 0 0 0 0 0 0 0 0 0 0 0 1 0 0])
  ("~/.zsh/zsh-vcs-prompt/zshrc.sh" .
   [0 0 0 0 0 0 0 0 0 0 0 0 0 0 0 0 0 0 0 0 0 0 1 0 0 0 0 0 0 0])
  ("~/.zsh/zsh-vcs-prompt/" .
   [0 0 0 0 0 0 0 0 0 0 1 0 0 0 0 0 0 0 0 0 0 0])
  ("source" .
   [1 0 0 0 0 0])
  ("zero" .
   [7 0 0 0])
  ("put_space_option" .
   [0 0 0 0 0 1 0 0 0 0 0 0 0 0 0 0])
  ("len_number_option" .
   [0 0 0 0 1 0 0 0 0 0 0 0 0 0 0 0 0])
  ("sizeof" .
   [0 0 0 0 0 1])
  ("malloc" .
   [1 0 0 0 2 0])
  ("space" .
   [7 0 0 2 0])
  ("larg" .
   [12 0 0 0])
  ("prec" .
   [14 0 0 0])
  ("flag" .
   [43 0 0 2])
  ("t_flag" .
   [2 0 1 0 1 0])
  ("my_array=" .
   [0 0 0 0 0 0 0 1 0])
  ("cat" .
   [2 0 0])
  ("$plop" .
   [1 0 0 0 0])
  ("$i++" .
   [1 0 0 0])
  ("array" .
   [5 0 0 0 0])
  ("echo" .
   [10 0 0 0])
  ("FILES" .
   [1 0 0 0 0])
  ("Makefile2" .
   [0 0 4 1 3 0 0 0 0])
  ("./Makefile" .
   [0 0 0 1 0 0 0 0 0 0])
  ("DIROBJ" .
   [1 0 0 17 7 1])
  ("-Wall" .
   [1 0 0 0 0])
  ("delete-selection-mode" .
   [0 0 0 0 0 0 0 0 0 0 0 1 0 0 0 0 0 0 0 0 0])
  ("NULL" .
   [13 0 1 3])
  ("initialize_data" .
   [0 0 0 0 0 0 0 1 0 0 0 0 0 0 0])
  ("dir" .
   [1 0 0])
  ("readdir" .
   [1 0 0 0 0 0 0])
  ("file" .
   [8 0 0 2])
  ("str2" .
   [2 0 0 0])
  ("get_next_line" .
   [0 0 0 2 0 0 1 0 0 0 0 0 0])
  ("if" .
   [18 0])
  ("else" .
   [10 0 2 3])
  ("free" .
   [1 0 0 0])
  ("fd" .
   [18 0])
  ("ret" .
   [24 0 0])
  ("fclean" .
   [2 0 0 0 0 0])
  ("MAKE" .
   [2 0 0 0])
  ("LIB" .
   [2 0 0])
  ("int" .
   [21 0 2])
  ("main" .
   [9 0 0 0])
  ("void" .
   [7 0 0 0])
  ("return" .
   [7 0 0 4 2 5])
  ("message" .
   [1 0 0 0 1 0 1])
  ("printf" .
   [45 0 3 1 0 0])
  ("plop" .
   [3 0 0 0])
  ("load-file" .
   [1 0 0 0 0 0 0 0 0])
  ("sources" .
   [1 0 0 0 0 0 0])
  ("SRCDIR" .
   [0 0 0 0 1 0])
  ("OBJDIR" .
   [2 0 0 0 0 0])
  ("OBJ" .
   [4 0 4])
  ("libft" .
   [3 0 0 1 0])
  ("done" .
   [1 0 0 0])
  ("char" .
   [10 0 0 0])
  ("param" .
   [5 0 0 0 0])
  ("param_l" .
   [0 0 0 0 1 0 0])
  ("str" .
   [25 0 0])
  ("ac" .
   [8 0])
  ("av" .
   [13 0])
  ("typedef" .
   [1 0 0 0 0 0 0])
  ("struct" .
   [1 0 0 0 0 0])
  ("INC_LIB" .
   [1 0 0 2 1 1 0])
  ("10" .
   [2 0])
  ("type" .
   [23 0 1 1])
  ("tmp" .
   [45 0 0])
  ("ft_putchar" .
   [5 0 0 0 0 1 1 1 0 0])
  ("path" .
   [4 0 0 0])
  ("name" .
   [15 0 0 0])
  ("next" .
   [31 0 3 0])
  ("child" .
   [4 0 0 0 0])
  ("while" .
   [7 0 1 7 1])
  ("include" .
   [4 0 0 5 3 2 6])
  ("ft_strcmp" .
   [0 0 0 0 0 0 0 1 1])
  ("data" .
   [12 0 0 0])
  ("t_data" .
   [4 0 0 0 0 0])
  ("tmp2" .
   [16 0 0 0])
  ("run_data" .
   [0 0 0 2 0 0 1 0])
  ("len" .
   [7 0 0])
  ("union" .
   [0 0 1 0 0])
  ("tmp3" .
   [7 0 0 0])
  ("file-modes" .
   [0 0 0 0 2 0 0 0 0 0])
  ("file-exists-p" .
   [0 0 0 0 0 0 0 0 0 0 0 0 2])
  ("set" .
   [1 0 0])
  ("setq" .
   [3 0 0 0])
  ("config_files" .
   [0 0 0 0 0 0 0 0 0 0 0 2])
  ("va_list" .
   [1 0 2 5 0 0 2])
  ("arg" .
   [7 0 0])
  ("ft_add_nstr_end" .
   [0 0 0 0 0 0 1 0 0 0 0 0 0 0 0])
  ("flags" .
   [93 0 0 1 1])
  ("stdarg" .
   [0 0 0 2 0 0])
  ("FLAGS" .
   [2 0 0 0 0])
  ("endif" .
   [7 0 0 0 2])
  ("ifeq" .
   [1 0 0 1])
  ("debug" .
   [3 0 1 2 0])
  ("-Wextra" .
   [0 0 0 1 0 0 0])
  ("-Werror" .
   [1 0 0 0 0 0 0])
  ("SRC" .
   [6 0 1])
  ("-L$" .
   [1 0 0])
  ("DIRSRC" .
   [6 0 0 5 1 0])
  ("OBJS" .
   [9 0 3 1])
  ("ifdef" .
   [4 0 1 0 0])
  ("-lft" .
   [3 0 0 0])
  ("SUB_MAKE" .
   [4 0 4 6 1 0 0 0])
  ("./libft/" .
   [0 0 0 1 0 0 0 0])
  ("~/.zsh/prompt/zshrc.sh" .
   [0 0 0 0 0 0 0 0 0 1 0 0 0 0 0 0 0 0 0 0 0 0])
  ("stdio" .
   [4 0 0 0 0])
  ("ft_putstr" .
   [4 0 0 0 0 0 1 1 0])
  ("45" .
   [1 0])
  ("cdr" .
   [0 0 1])
  ("require" .
   [0 0 0 0 0 1 0])
  ("snippet" .
   [0 0 0 0 0 0 1])
  ("snippet-insert" .
   [0 0 1 0 0 0 0 0 0 0 0 0 0 0])
  ("commit" .
   [1 0 0 0 0 0])
  ("0" .
   [1])
  ("load-library" .
   [0 0 0 0 0 0 0 0 0 0 1 0])
  ("realgud" .
   [1 0 0 0 0 0 0])
  ("global-font-lock-mode" .
   [0 0 0 0 0 0 0 0 0 0 1 0 0 0 0 0 0 0 0 0 0])
  ("global-set-key" .
   [0 0 0 0 0 0 0 0 0 0 0 0 0 1])
  ("defun" .
   [0 0 0 0 1])
  ("c-mark-function" .
   [0 0 0 0 0 0 3 0 0 0 0 0 0 0 0])
  ("count-words-region" .
   [0 0 0 0 0 0 0 0 0 2 0 0 1 0 0 0 0 0])
  ("my-line-number" .
   [0 0 2 1 0 0 0 0 0 0 0 0 0 0])
  ("kbd" .
   [1 0 0])
  ("1-" .
   [1 0])
  ("count" .
   [2 0 0 0 0])
  ("column-marker" .
   [0 0 0 0 0 0 1 0 0 0 0 0 0])
  ("column-marker-1" .
   [1 0 0 0 0 0 0 0 0 0 0 0 0 0 0])
  ("args" .
   [1 0 0 0])
  ("__asm__" .
   [4 0 0 0 0 0 0])
  ("puEBP" .
   [0 0 2 3 0])
  ("f_printf" .
   [0 0 0 0 1 0 0 0])
  ("foo" .
   [2 0 0])
  ("argumentCount" .
   [0 0 0 0 0 0 0 0 0 0 1 0 0])
  ("uint64_t" .
   [0 0 0 0 0 1 0 0])
  ("NUMEROS" .
   [0 0 0 1 0 0 0])
  ("PARAMS" .
   [1 0 0 0 0 0])
  ("INIT" .
   [1 0 0 0])
  ("__volatile__" .
   [0 0 0 0 0 0 0 1 0 0 0 0])
  ("param_1" .
   [2 0 0 0 0 0 0])
  ("param_2" .
   [1 0 0 0 0 0 0])
  ("eprintf" .
   [2 0 0 0 0 0 0])
  ("ft_vfprintf" .
   [0 0 0 0 0 1 0 0 0 0 0])
  ("ap" .
   [7 0])
  ("vprint" .
   [0 0 0 1 0 0])
  ("ESCAPE" .
   [2 0 1 1 0 0])
  ("write" .
   [22 0 1 1 0])
  ("PRINTF" .
   [0 0 2 0 0 0])
  ("print" .
   [2 0 0 0 0])
  ("continue" .
   [0 0 0 0 0 0 1 0])
  ("print_flags" .
   [0 0 0 0 0 0 0 0 0 1 0])
  ("dollar" .
   [4 0 0 0 0 0])
  ("manipulate" .
   [0 0 0 0 1 0 0 0 0 0])
  ("va_arg" .
   [6 0 0 0 0 0])
  ("d" .
   [1])
  ("u" .
   [1])
  ("HH" .
   [2 0])
  ("LD" .
   [2 0])
  ("LL" .
   [7 0])
  ("print_memory" .
   [0 0 0 0 0 0 0 0 1 0 0 0])
  ("addr" .
   [1 0 0 0])
  ("size_t" .
   [0 0 0 0 0 1])
  ("size" .
   [2 0 1 0])
  ("ptr" .
   [1 0 0])
  ("value" .
   [1 0 0 0 0])
  ("base" .
   [2 0 0 0])
  ("string" .
   [2 0 0 0 0 0])
  ("print_bytes" .
   [0 0 0 0 0 0 0 1 0 0 0])
  ("uint32_t" .
   [0 0 0 0 1 0 0 0])
  ("unsigned" .
   [0 0 0 0 3 1 1 1])
  ("tab" .
   [1 0 0])
  ("ppp" .
   [2 0 0])
  ("print_address" .
   [0 0 0 0 0 0 0 1 0 0 0 0 0])
  ("p0" .
   [1 0])
  ("mayus" .
   [4 0 0 0 0])
  ("uppercase" .
   [1 0 0 0 0 0 1 1 0])
  ("upcase" .
   [0 0 0 0 1 0])
  ("ft_countchr" .
   [0 0 0 0 0 0 0 1 3 0 0])
  ("DL" .
   [4 0])
  ("ft_dtoa" .
   [3 0 0 0 1 0 0])
  ("L" .
   [1])
  ("ft_putdbl" .
   [0 0 0 0 0 0 0 2 0])
  ("ft_repet" .
   [3 0 0 0 0 0 2 0])
  ("ABS" .
   [1 0 0])
  ("ft_putwidth" .
   [0 0 0 0 0 0 0 2 1 0 0])
  ("fillit" .
   [3 0 0 0 1 0])
  ("/src/" .
   [3 0 0 0 1])
  ("identify" .
   [0 0 0 0 2 0 0 0])
  ("solve" .
   [1 0 0 0 0])
  ("treatment" .
   [0 0 0 0 0 1 0 0 0])
  ("/libft/" .
   [4 0 0 2 2 0 1])
  ("-L" .
   [2 0])
  ("clean" .
   [1 0 0 0 0])
  ("tetro" .
   [3 0 0 0 0])
  ("copy" .
   [6 0 0 0])
  ("ft_freesv" .
   [0 0 0 0 0 0 0 1 0])
  ("mx" .
   [8 0])
  ("endmx" .
   [3 0 0 0 1])
  ("m" .
   [1])
  ("cpy_tetro" .
   [0 0 0 1 0 0 0 0 0])
  ("t_coords" .
   [0 0 0 0 2 0 1 0])
  ("print_mx" .
   [1 0 0 0 0 0 0 0])
  ("mxcopy" .
   [1 0 0 0 0 0])
  ("tp1" .
   [1 0 0])
  ("tp2" .
   [1 0 0])
  ("sab" .
   [3 0 0])
  ("head" .
   [18 0 1 1])
  ("last_node" .
   [0 0 0 1 7 1 0 0 0])
  ("rab" .
   [3 0 0])
  ("ft_putendl" .
   [0 0 0 0 0 0 0 0 1 0])
  ("prev_node" .
   [0 0 0 1 2 0 0 0 0])
  ("rrab" .
   [2 0 1 0])
  ("node" .
   [1 0 1 0])
  ("requests" .
   [1 0 0 0 0 0 0 0])
  ("URL" .
   [1 0 0])
  ("headers" .
   [0 0 0 0 2 0 0])
  ("BeautifulSoup" .
   [0 0 0 0 1 0 0 0 0 0 0 0 0])
  ("page" .
   [1 0 0 0])
  ("price" .
   [3 0 0 0 0])
  ("converted_price" .
   [0 0 0 0 0 0 0 1 0 0 0 0 0 0 0])
  ("get_text" .
   [1 0 0 0 0 0 1 0])
  ("title" .
   [1 0 0 0 0])
  ("prettify" .
   [0 0 0 0 1 1 0 0])
  ("StringIO" .
   [0 0 1 0 0 0 0 0])
  ("text" .
   [1 0 0 0])
  ("di_lenp" .
   [0 0 0 0 1 0 0])
  ("min_frst" .
   [0 0 0 0 0 1 0 0])
  ("pab" .
   [1 0 0])
  ("last_half" .
   [0 0 0 0 0 0 1 0 0])
  ("src/verif" .
   [0 0 0 0 0 0 0 1 0])
  ("relative" .
   [0 0 0 0 2 1 0 0])
  ("absolute" .
   [0 0 1 1 4 0 0 0])
  ("z-index" .
   [0 0 10 0 1 0 1])
  ("position" .
   [0 0 0 2 6 1 1 0])
  ("fff" .
   [4 1 1])
  ("cursor" .
   [1 0 0 1 0 1])
  ("filter" .
   [1 0 0 0 0 0])
  ("Document" .
   [0 0 0 1 0 0 0 0])
  ("getElementById" .
   [2 0 0 0 0 0 0 0 0 0 0 0 0 0])
  ("import" .
   [0 0 1 2 0 0])
  ("important" .
   [5 0 1 0 0 0 1 3 0])
  ("Background" .
   [0 0 0 1 2 1 1 0 0 0])
  ("color" .
   [1 0 0 1 0])
  ("accordion" .
   [0 0 0 0 1 0 0 0 0])
  ("pointer" .
   [0 0 0 1 1 1 0])
  ("events" .
   [0 0 0 0 0 1])
  ("marginLeft" .
   [0 0 0 0 0 0 0 1 0 0])
  ("bar1" .
   [1 0 0 0])
  ("fixed" .
   [2 2 2 2 1])
  ("bar3" .
   [3 0 0 0])
  ("bar2" .
   [2 0 0 0])
  ("a" .
   [1])
  ("auto" .
   [1 0 0 2])
  ("margin-right" .
   [0 0 0 0 0 0 0 0 0 1 0 0])
  ("aaa" .
   [1 0 0])
  ("heigh" .
   [0 0 0 1 0])
  ("background-color" .
   [0 0 0 0 0 0 0 1 0 0 0 1 0 1 0 0])
  ("bars" .
   [1 0 0 0])
  ("remove" .
   [2 0 0 0 0 0])
  ("----------------------------------------------" .
   [1 0 0 0 0 0 0 0 0 0 0 0 0 0 0 0 0 0 0 0 0 0 0 0 0 0 0 0 0 0 0 0 0 0 0 0 0 0 0 0 0 0 0 0 0 0])
  ("to" .
   [2 0])
  ("url" .
   [3 0 0])
  ("glitch-a" .
   [1 0 0 1 0 0 0 0])
  ("glitch-p" .
   [1 0 0 0 0 0 0 0])
  ("glitch-b" .
   [1 0 0 0 0 0 0 0])
  ("alternate-reverse" .
   [0 0 0 0 0 0 0 0 0 0 0 0 1 0 0 0 0])
  ("date" .
   [1 0 0 0])
  ("+%D" .
   [1 0 0])
  ("~/.mutt/template/date" .
   [0 0 0 0 0 0 0 0 0 0 0 0 0 0 0 0 0 0 0 1 0])
  ("css" .
   [1 0 0])
  ("rgba" .
   [1 0 0 0])
  ("ln" .
   [5 0])
  (".emacs" .
   [1 0 0 0 0 0])
  ("~/." .
   [6 0 0])
  ("section" .
   [1 0 0 0 1 0 0])
  ("prv" .
   [1 0 0])
  ("entro" .
   [2 0 0 0 0])
  ("turns" .
   [2 0 0 0 0])
  ("INCLUDE" .
   [0 0 0 2 4 0 0])
  ("obj" .
   [1 0 0])
  ("-I" .
   [1 0])
  ("AUX" .
   [3 0 0])
  ("AUXOBJ" .
   [0 0 0 0 3 0])
  ("DIRAUX" .
   [1 0 0 0 0 2])
  ("/ft_printf/" .
   [0 0 0 1 2 0 0 0 1 0 0])
  ("SOBJS" .
   [0 0 1 0 0])
  ("HELP" .
   [1 0 0 0])
  ("OAUX" .
   [0 0 1 1])
  ("VAUX" .
   [0 0 0 2])
  ("VERIF" .
   [2 0 0 3 1])
  ("ft_itoa_baseXx" .
   [0 0 0 0 0 0 0 1 0 0 0 0 0 0])
  ("DIRAUX2" .
   [1 0 0 0 0 0 0])
  ("zeroes" .
   [8 0 0 0 0 0])
  ("ft_putzeroes" .
   [0 0 0 0 0 0 0 0 0 2 0 0])
  ("nbb" .
   [1 0 0])
  ("double" .
   [0 0 0 0 1 0])
  ("-MMD" .
   [3 0 0 0])
  ("/include/" .
   [0 0 0 1 1 2 0 0 0])
  ("ft_isdigit" .
   [0 0 0 0 0 0 0 1 0 0])
  ("size_int" .
   [0 0 0 0 0 1 0 0])
  ("read" .
   [1 0 0 0])
  ("buf" .
   [2 0 0])
  ("ft_putstr_fd" .
   [0 0 0 0 0 0 0 0 0 1 1 0])
  ("ft_puterr" .
   [1 0 0 0 0 0 1 0 2])
  ("EXIT_FAILURE" .
   [0 0 0 1 6 1 1 0 0 0 0 0])
  ("is_dump" .
   [0 0 0 0 1 0 0])
  ("isparam" .
   [1 0 0 0 0 0 0])
  ("eparam" .
   [1 0 0 0 0 0])
  ("is" .
   [1 0])
  ("is_champion" .
   [0 0 0 1 0 0 0 0 0 0 0])
  ("E0M" .
   [7 0 0])
  ("load_vm" .
   [1 0 0 0 0 0 0])
  ("ERROR" .
   [8 0 0 0 0])
  ("RED" .
   [4 0 0])
  ("BOLD" .
   [1 0 0 0])
  ("valid_magic" .
   [0 0 0 0 0 0 0 0 1 1 0])
  ("exec_size" .
   [0 0 0 0 1 0 0 0 0])
  ("c" .
   [2])
  ("CHAMP_MAX_SIZE" .
   [0 0 0 0 1 0 0 0 0 0 0 0 0 0])
  ("close" .
   [1 0 0 0 1])
  ("EXIT_SUCCESS" .
   [0 0 0 0 1 0 1 2 0 0 0 0])
  ("vm" .
   [9 0])
  ("MAX_PLAYERS" .
   [0 0 0 0 2 0 0 0 0 0 0])
  ("ft_memset" .
   [1 0 0 0 0 0 0 0 0])
  ("np" .
   [5 0])
  ("npi" .
   [4 0 0])
  ("t_matrix" .
   [0 0 0 1 2 0 0 0])
  ("row" .
   [1 0 0])
  ("col" .
   [1 0 0])
  ("init_m" .
   [1 0 0 0 0 0])
  ("WINDOW" .
   [1 0 0 0 0 0])
  ("mainWin" .
   [0 0 0 0 2 0 0])
  ("height" .
   [0 0 0 2 0 0])
  ("t_vm" .
   [3 0 0 1])
  ("resize_window" .
   [0 0 0 0 1 0 0 0 0 0 0 0 0])
  ("DIROP" .
   [0 0 0 0 1])
  ("process" .
   [1 0 0 0 0 0 0])
  ("TPROCES" .
   [0 0 0 1 0 0 0])
  ("&&" .
   [1 0])
  ("OBJS2" .
   [3 0 0 0 0])
  ("SRC2" .
   [2 0 0 0])
  ("FARM" .
   [1 0 0 0])
  ("GRAPH" .
   [0 0 1 0 0])
  ("SOLVE" .
   [0 0 1 0 0])
  ("compiler" .
   [0 0 0 0 0 1 0 0])
  ("SUB_MAKEVM" .
   [1 0 0 0 0 0 0 0 0 1])
  ("t_player" .
   [0 0 0 0 0 1 1 0])
  ("champion" .
   [1 0 0 0 0 1 0 1])
  ("player" .
   [1 0 0 0 0 0])
  ("file_name" .
   [1 0 0 0 0 0 0 0 0])
  ("cmd" .
   [17 0 0])
  ("quotes" .
   [4 0 0 1 1 0])
  ("quote" .
   [0 0 0 1 0])
  ("spos" .
   [1 0 0 0])))
